.Random.seed <-
c(403L, 45L, -748980021L, -2006308245L, 937694552L, -172831289L, 
1563294434L, -1754417631L, -1982494002L, -142860940L, 516009288L, 
1402744137L, -1076294048L, 478135621L, -1801410137L, 877317565L, 
-221610758L, -1250268215L, 1329901756L, -217883252L, 1014516936L, 
-301634831L, -1343609009L, 78259598L, 614129499L, 334467846L, 
1206852004L, -2086253264L, 287475902L, 1170977339L, 1199375211L, 
-1731330344L, 1683284787L, -585898118L, -508202103L, 1495722611L, 
1998881842L, 620407876L, 1675004741L, 438821209L, -1455855845L, 
-1693130186L, 1359917597L, 620577204L, -1225988837L, -984176009L, 
-1315870531L, -169687391L, 948062625L, -68911193L, 170261008L, 
1202986560L, 1542648703L, -6561854L, -1857097579L, 1044215748L, 
-1403610566L, 198254381L, -1223123214L, -135812040L, 1197443842L, 
-74350954L, 1934670371L, -1135922600L, 444838761L, -1818376173L, 
2093167424L, 837402289L, -2031535766L, 1533877065L, 442996283L, 
-287987043L, -282501195L, 380334756L, 1993293697L, -597653666L, 
1838110719L, -1092586820L, 2013872851L, -1096475207L, 86205817L, 
1449014150L, -562912487L, 342084951L, 2076437089L, 2050041716L, 
465107989L, -890168520L, 1290126975L, -1951772854L, 1510826575L, 
1347909888L, -1929080138L, -936233193L, 831729426L, -1705859282L, 
5798439L, 1494900753L, 466169426L, 2093656531L, 416165090L, -1067212483L, 
1994359989L, -925460383L, -219309374L, 979536988L, -326783920L, 
-89407074L, 480700169L, 518373514L, -1993532245L, -30046732L, 
-1528383394L, -185149351L, -1456460623L, -302732302L, -577023898L, 
531408356L, -1403622897L, 1847767875L, -986411193L, -609270875L, 
-1717847269L, -283552710L, 1392877916L, 1859713915L, 19761678L, 
-1077047097L, 575848787L, 595208236L, -816168236L, 406246250L, 
-1753287388L, -96353858L, 2117057475L, 1438504322L, -760001147L, 
-2013767768L, -263981472L, -1387925597L, -1434647131L, 1428158070L, 
-1836009875L, 2017701203L, -69806229L, -583525104L, 613499713L, 
2013857924L, -1602146533L, -17465547L, 62448403L, 1897505749L, 
41047104L, -1554894258L, -942333179L, -1618733745L, -547626994L, 
1155964445L, 926216533L, 1712401343L, 281917852L, -1989758998L, 
-708798305L, -840994404L, -1735966993L, -1326136288L, 1017243021L, 
-1434977154L, -352531330L, -965144485L, 2111009155L, 649520233L, 
702871550L, -1475760757L, 1815594374L, 631901599L, 958064436L, 
226319061L, -27562612L, -515755312L, -754247615L, 2012769422L, 
1592853315L, 1731786333L, -1832802034L, -545487781L, -164434537L, 
-1290950622L, 522388969L, 553656328L, 11474919L, 1485554334L, 
57486456L, -593108537L, -1782816879L, 902811371L, -1615254212L, 
1836363867L, -70813960L, -213759829L, 114051421L, 972933037L, 
-771173444L, 268154925L, -1634593767L, -1212434802L, -1360183869L, 
911036986L, 947955111L, 787686366L, 979251641L, -1014598042L, 
-1584992129L, 935402065L, -594004060L, 419737916L, -1318170917L, 
452834308L, -107877783L, -2113792675L, 83034978L, 824772200L, 
1964371436L, -1147033093L, -1567928723L, -2129065424L, 514209958L, 
-1360983345L, 1352817546L, -1795674986L, 1767456361L, -1986631076L, 
1580012697L, 53014545L, -1464761458L, 1943024191L, 524173665L, 
-1314386677L, -1558885551L, 843150170L, -85288257L, -534120088L, 
-323057658L, 91166943L, -1350226948L, -452344279L, -345324745L, 
-656086560L, -373651694L, -1218881847L, 666316180L, -152502166L, 
58223285L, -1410185376L, 1731291609L, -3631107L, -223289618L, 
-1604184528L, 1610490447L, -567113304L, -1985544962L, -1441437508L, 
1321904349L, 2137066552L, -1918551682L, 48121111L, -1438715086L, 
-559315325L, -495086753L, 567762032L, -843011114L, 1708761303L, 
-1734684746L, -387976770L, 162548703L, 1695212791L, 1541831114L, 
1088147124L, -1003994939L, -1889550460L, 2038998728L, -58617256L, 
2062247983L, -245247899L, 587400224L, -26989241L, 124969153L, 
-112138277L, 115193343L, -2061137564L, -1759610443L, -1156873467L, 
-261841218L, 464060095L, 472846491L, -1348764724L, 1710677035L, 
-979106622L, 458175128L, -1940615421L, -1590714006L, 1881967498L, 
-1263780967L, 1727707328L, 777889061L, 194409454L, -978188998L, 
-1234097317L, 1593910125L, 648471828L, 1886509038L, -2083249455L, 
592204877L, -792045294L, -447818699L, 1667615287L, -478513869L, 
859569684L, 558360168L, -1429193006L, -392909899L, -1894161896L, 
-2025308622L, -822564741L, 1652629550L, -1344900327L, 1724498493L, 
-254901333L, 470420250L, 774474236L, -1444665595L, 1942052689L, 
833093306L, -941991807L, 1325044780L, -1726391732L, -730693659L, 
-2049700812L, 789073475L, -926552900L, 1018339004L, 969896740L, 
1968694683L, 761351210L, -1900272379L, -416358491L, 1537535774L, 
96297039L, -1782828339L, 96130327L, 131866887L, -1076480654L, 
-837892902L, -1583959041L, 1279018685L, 1061854254L, -586871942L, 
182623358L, 688874460L, -1155689282L, 1912532038L, 750735468L, 
-918582076L, -25445388L, 1274232730L, 1869510693L, 1862320403L, 
-1598897310L, 570861075L, 1240811460L, 1231085813L, -167629245L, 
-145948693L, 1300927417L, -96149744L, -1482400976L, 1398206487L, 
-1094759885L, -2035523310L, -2082041097L, -652745160L, -2132634456L, 
-1052429848L, 1793303818L, -1821903085L, 771308168L, 2034163884L, 
1367871769L, -1614595515L, 550767545L, 369988942L, -205633785L, 
-2099081794L, 517605978L, 2051142054L, -1863784039L, 1797644122L, 
-349909581L, 1916563004L, 1083506496L, 415581837L, 705573671L, 
555920245L, -1789391015L, -9050053L, 424441790L, -1471870226L, 
1617255797L, -2033561295L, 1506310842L, 97034328L, -1517474363L, 
1199465108L, -1156400186L, -1505341101L, -2006410012L, 311219696L, 
-84027207L, -1950848238L, -1333599105L, -1980754150L, -592968327L, 
1448713506L, -78148533L, -328184693L, -1191712633L, -258650562L, 
-1735980881L, 335787339L, -605788242L, 210289961L, -1397894017L, 
-365955928L, 654748134L, 1906116900L, 1942323125L, 355761745L, 
-548809100L, 1467671110L, -1308655529L, 1771088128L, 1398929275L, 
-998858408L, 322349435L, -570872287L, -1360400259L, -1747100085L, 
-1272118617L, -1696865181L, -1614620754L, 1472348468L, -1452813428L, 
681206984L, -1049390454L, -600715626L, -1201853702L, 384123173L, 
-1988497254L, 1921138211L, 315090962L, 2038035819L, 13282722L, 
2122092876L, -1697049259L, 2081353090L, 780868315L, -1911161783L, 
-80437979L, -1069934090L, 510411313L, 1407693088L, 668631508L, 
385884534L, -1842624951L, -244439650L, -1219276661L, -1446604437L, 
-1744863931L, 1794128537L, 814798212L, -1270748533L, -2008186961L, 
429299181L, 672935837L, 47567966L, 1427561713L, 1743630723L, 
-700798592L, 1805621341L, -1756431818L, 1292745152L, 2126657575L, 
864317571L, 1605312985L, 744857785L, -1105332335L, -223570067L, 
-1774211892L, 315077287L, 790936710L, -2014757037L, 782573268L, 
128933868L, -1557680556L, 1634938862L, 17396947L, -1440178201L, 
1204250257L, -685162875L, 1547225404L, -1287582916L, 2107973824L, 
-996408199L, 1629527594L, 457180071L, -999101648L, -284660929L, 
-1256657571L, 1161461098L, 556801218L, 1014024601L, -466034675L, 
1060424508L, 891823328L, -396388307L, -1043778429L, -797088336L, 
-219613360L, 8003844L, -2070458919L, -228738323L, -1572239152L, 
193443538L, -84270424L, -811850912L, 505011643L, 954831106L, 
2096298831L, -242998231L, -1062233545L, -1810029803L, -509552952L, 
-557870902L, 1880514137L, 2012917160L, -307463538L, -604039472L, 
1431938674L, -943599544L, -1835118344L, -1319788993L, -1431347004L, 
-1267445363L, -1116452503L, -1450425139L, -1475617239L, 1627874501L, 
-1827061305L, -913110505L, -1911639235L, -1990707916L, 1729440571L, 
92152269L, 2139652647L, 360616561L, -1205441616L, 45235549L, 
-1081332327L, 1419012346L, -1971053605L, -895167317L, -1843601146L, 
1800791727L, 1059681757L, 346641807L, -1392557849L, -1377811666L, 
697549257L, 1062334454L, 1248263767L, -1415570459L, 609256662L, 
-823418715L, 1825933106L, 746939045L, 243793952L, -801295694L, 
-2033041247L, -1416612532L, 137021947L, -1071970814L, -105779610L, 
1107674591L, 1618602852L, -1873447167L, -343565403L, -1653858858L, 
-1300893499L, 1736995338L, 692736277L, 177305487L, 336037782L, 
141580445L, 484441430L, 1305324559L, -49871908L, -1613389855L, 
